4,3
4,2
4,1
4,0
3,6
3,5
3,4
3,3
3,2
3,1
3,0
2,2
1,2
0,315
0,313
0,306
0,301
0,243
530,5
530,1
530,3
0,440
0,409
530,0
1,1
2,23
1,5
1,3
1,0
2,1
2,24
2,3
2,0
0,9
0,310
0,305
0,450
0,442
0,416
0,308
0,304
0,303
0,302
0,307
0,435
0,12
0,431
0,10
0,399
0,8
0,0
0,503
0,300
0,327
0,299
0,404
0,298
0,377
0,297
0,355
0,296
0,295
0,341
0,294
0,400
0,293
0,354
0,292
0,291
0,340
0,290
0,338
0,289
0,403
0,288
0,385
0,287
0,337
0,286
0,391
0,285
0,349
0,284
0,283
0,501
0,282
0,384
0,281
0,336
0,280
0,414
0,279
0,278
0,398
0,277
0,276
0,509
0,275
0,364
0,274
0,390
0,273
0,335
0,272
0,383
0,271
0,324
0,270
0,363
0,269
0,334
0,268
0,362
0,267
0,333
0,266
0,353
0,265
0,402
0,264
0,263
0,348
0,262
0,479
0,261
0,508
0,260
0,370
0,259
0,347
0,258
0,382
0,257
0,369
0,256
0,332
0,255
0,376
0,254
0,253
0,361
0,252
0,381
0,251
0,397
0,250
0,323
0,249
0,411
0,248
0,331
0,247
0,413
0,246
0,507
0,245
0,456
0,244
0,346
0,242
0,320
0,241
0,375
0,240
0,360
0,239
0,407
0,238
0,506
0,237
0,345
0,236
0,511
0,235
0,374
0,234
0,359
0,233
0,477
0,232
0,455
0,231
0,389
0,230
0,368
0,229
0,373
0,228
0,367
0,227
0,491
0,226
0,344
0,225
0,490
0,224
0,330
0,223
0,489
0,222
0,465
0,221
0,352
0,220
0,388
0,219
0,510
0,218
0,401
0,217
0,358
0,216
0,329
0,215
0,405
0,214
0,372
0,213
0,406
0,212
0,328
0,211
0,371
0,210
0,366
0,209
0,365
0,208
0,387
0,207
0,488
0,206
0,412
0,205
0,476
0,204
0,395
0,203
0,351
0,202
0,339
0,201
0,505
0,200
0,394
0,199
0,198
0,448
0,197
0,380
